0 0.5525 0.6896 0.1714 0.1986
0 0.9577 0.3571 0.0815 0.1677
0 0.2221 0.4754 0.1706 0.1706
0 0.1332 0.4113 0.1688 0.1803
1 0.8945 0.827 0.1601 0.2373
0 0.8854 0.1562 0.118 0.117
1 0.2884 0.5335 0.1621 0.1792
0 0.7634 0.2834 0.1459 0.1502
0 0.4643 0.6458 0.1741 0.2172
0 0.8819 0.3156 0.144 0.1521
0 0.852 0.0395 0.0894 0.0782
0 0.6916 0.1055 0.1028 0.118
0 0.6009 0.2239 0.1156 0.1298
0 0.5436 0.1929 0.1128 0.1341
0 0.6649 0.7227 0.1912 0.181
0 0.9576 0.196 0.0806 0.1076
0 0.7785 0.1306 0.0948 0.1151
1 0.6233 0.0788 0.0848 0.1023
0 0.9399 0.0509 0.0872 0.1017
1 0.6684 0.2557 0.1095 0.1166
0 0.3724 0.571 0.1547 0.2102
1 0.7783 0.7651 0.1359 0.1646
