0 0.6359 0.699 0.0937 0.1866
1 0.2672 0.6844 0.0757 0.1559
0 0.8075 0.7087 0.0892 0.1686
0 0.201 0.2007 0.1811 0.073
0 0.7228 0.7068 0.0832 0.1619
0 0.1965 0.4256 0.2137 0.0835
0 0.2125 0.1401 0.1743 0.0713
1 0.2115 0.0735 0.1682 0.063
0 0.4534 0.7101 0.0746 0.1912
1 0.1866 0.3595 0.1859 0.0772
1 0.2114 0.0248 0.1742 0.0485
0 0.9697 0.7091 0.0585 0.1739
0 0.8937 0.7091 0.0832 0.1664
1 0.5459 0.708 0.0682 0.1476
0 0.2101 0.2831 0.2513 0.0892
1 0.175 0.5064 0.2031 0.0982
0 0.3611 0.6725 0.0667 0.2256
