0 0.3316 0.6503 0.1491 0.1986
1 0.0788 0.2127 0.0846 0.089
0 0.7715 0.5356 0.1461 0.1281
0 0.879 0.5993 0.1469 0.1491
0 0.4021 0.6825 0.1596 0.2286
0 0.6048 0.4517 0.1379 0.1266
0 0.0663 0.4389 0.1326 0.1791
0 0.5332 0.4041 0.1371 0.1244
0 0.0813 0.8526 0.1626 0.1521
0 0.7343 0.3011 0.0951 0.1154
0 0.46 0.3672 0.1145 0.108
0 0.4759 0.7462 0.1709 0.2031
0 0.1527 0.1891 0.1009 0.074
0 0.9487 0.6473 0.1019 0.1431
0 0.7048 0.4925 0.1296 0.1199
0 0.1083 0.4843 0.1311 0.1739
0 0.338 0.2885 0.0916 0.1087
0 0.7985 0.3269 0.1075 0.1184
0 0.1431 0.9272 0.2383 0.1454
0 0.2016 0.1669 0.1009 0.0706
1 0.6117 0.2615 0.0926 0.1025
0 0.3996 0.3207 0.1066 0.108
0 0.1667 0.521 0.1401 0.1514
0 0.2177 0.554 0.1641 0.1918
0 0.0401 0.7627 0.0802 0.1431
0 0.659 0.2746 0.104 0.107
0 0.5733 0.7949 0.1993 0.1851
0 0.6767 0.8721 0.2368 0.1386
1 0.4638 0.192 0.0904 0.0973
