0 0.9013 0.6342 0.1955 0.1288
0 0.7991 0.177 0.1452 0.0852
0 0.6168 0.6806 0.1484 0.1874
0 0.9294 0.2482 0.1213 0.0932
0 0.7997 0.6808 0.2603 0.1668
0 0.4173 0.1408 0.0645 0.0446
1 0.2548 0.769 0.1619 0.1559
0 0.4756 0.1393 0.0702 0.057
1 0.661 0.1354 0.0828 0.0592
0 0.5965 0.0888 0.0628 0.0548
1 0.4306 0.0907 0.0632 0.0465
0 0.5058 0.681 0.1394 0.1896
0 0.2837 0.1519 0.0833 0.0529
0 0.5513 0.0938 0.0653 0.0509
0 0.4601 0.7544 0.1829 0.1656
0 0.0592 0.4889 0.1155 0.0674
0 0.1731 0.1619 0.0576 0.0529
0 0.3794 0.0948 0.0646 0.0517
0 0.6169 0.1287 0.0828 0.048
0 0.3673 0.1485 0.0825 0.0482
0 0.3171 0.1007 0.0686 0.0452
0 0.2217 0.1607 0.0642 0.061
1 0.5088 0.093 0.0531 0.0418
0 0.0889 0.6018 0.1777 0.0726
