0 0.2254 0.6499 0.2585 0.0667
0 0.6589 0.6271 0.1491 0.1801
0 0.9479 0.3528 0.1011 0.1103
0 0.3155 0.3583 0.0701 0.0936
0 0.8423 0.2477 0.1299 0.0831
1 0.7492 0.2022 0.1033 0.0433
0 0.9051 0.8146 0.139 0.1832
0 0.1707 0.4354 0.193 0.0583
0 0.8293 0.8139 0.2032 0.1702
1 0.7357 0.1841 0.0991 0.0485
0 0.8725 0.2888 0.1261 0.0777
1 0.5682 0.1229 0.0596 0.0714
0 0.434 0.3346 0.0958 0.0857
0 0.4916 0.6523 0.1346 0.1422
0 0.6277 0.8394 0.1564 0.1439
0 0.7285 0.8186 0.1786 0.1578
0 0.4211 0.1454 0.0614 0.0668
0 0.8195 0.5998 0.1321 0.1703
0 0.2271 0.3631 0.0905 0.0895
0 0.9492 0.5576 0.1013 0.1246
0 0.3623 0.3484 0.0716 0.0959
0 0.5806 0.6523 0.1212 0.169
0 0.5299 0.1208 0.0484 0.0883
0 0.9181 0.2986 0.1178 0.086
0 0.9373 0.3251 0.1171 0.0738
0 0.5045 0.8984 0.1626 0.1818
1 0.7798 0.2222 0.1246 0.0715
1 0.617 0.1078 0.0561 0.0689
0 0.4606 0.1345 0.0511 0.0807
0 0.1871 0.5324 0.1971 0.0644
0 0.4928 0.1244 0.0581 0.0828
0 0.8926 0.5815 0.1348 0.1762
0 0.1836 0.4845 0.2066 0.0527
0 0.4033 0.9164 0.1431 0.154
0 0.6799 0.133 0.1004 0.0616
0 0.7078 0.1616 0.1175 0.067
0 0.3494 0.741 0.2413 0.0873
0 0.2154 0.5897 0.2273 0.0716
0 0.1495 0.3874 0.077 0.0759
