0 0.9275 0.8063 0.1409 0.0877
1 0.8562 0.2707 0.2219 0.0838
0 0.7695 0.0927 0.1987 0.1059
0 0.8096 0.1578 0.2102 0.1054
1 0.6201 0.9429 0.4009 0.1109
0 0.5205 0.0572 0.1529 0.0656
0 0.6115 0.8387 0.3567 0.1978
0 0.8865 0.4963 0.2217 0.1696
0 0.5218 0.163 0.1965 0.0923
1 0.8361 0.2124 0.2074 0.0729
1 0.5276 0.2762 0.2225 0.1061
0 0.5081 0.1069 0.2031 0.0957
0 0.5193 0.3598 0.253 0.154
1 0.8849 0.4159 0.2283 0.1297
0 0.5193 0.2162 0.2117 0.0986
0 0.7943 0.1252 0.1701 0.0803
1 0.8783 0.3397 0.242 0.111
1 0.9253 0.721 0.1452 0.1085
0 0.9097 0.617 0.1755 0.1122
0 0.5758 0.7245 0.3042 0.1736
0 0.5587 0.6205 0.2925 0.1583
0 0.5459 0.4305 0.246 0.1329
0 0.2705 0.5817 0.1634 0.1754
0 0.5508 0.518 0.2784 0.1399
