1 0.7658 0.8796 0.174 0.1936
1 0.8183 0.5353 0.0345 0.0436
0 0.7548 0.5561 0.0422 0.0731
0 0.5853 0.6289 0.0505 0.0871
1 0.4714 0.6311 0.0445 0.1139
1 0.843 0.5337 0.0331 0.0592
0 0.6528 0.5764 0.0655 0.1319
0 0.5369 0.7698 0.0914 0.1289
1 0.3399 0.7773 0.077 0.1454
0 0.7876 0.5415 0.0595 0.0806
0 0.5353 0.6386 0.0602 0.1319
0 0.9233 0.6206 0.0968 0.1195
0 0.6502 0.7282 0.1072 0.1281
1 0.4491 0.7893 0.0897 0.1379
0 0.8623 0.773 0.178 0.1754
0 0.7684 0.6708 0.076 0.0745
1 0.6398 0.8997 0.1493 0.152
0 0.712 0.5888 0.0732 0.0785
