1 0.8666 0.3531 0.1529 0.0547
0 0.8452 0.6488 0.2328 0.1252
0 0.5402 0.1506 0.0933 0.0973
0 0.4065 0.4307 0.1297 0.106
1 0.5343 0.8769 0.2923 0.1514
1 0.386 0.1294 0.096 0.0693
0 0.622 0.795 0.2674 0.1457
0 0.5878 0.5004 0.1992 0.0945
1 0.2917 0.1019 0.0891 0.0611
0 0.1546 0.7567 0.2169 0.1317
1 0.4873 0.1474 0.1064 0.0813
0 0.2682 0.4859 0.149 0.0859
0 0.5462 0.3631 0.1469 0.0758
1 0.3439 0.6394 0.1872 0.0953
1 0.4139 0.5996 0.1974 0.0923
1 0.9177 0.3273 0.1635 0.0568
1 0.2536 0.6828 0.1936 0.0934
1 0.6804 0.188 0.11 0.0764
0 0.5887 0.1647 0.1033 0.0758
0 0.9005 0.5846 0.1854 0.0832
1 0.8372 0.3865 0.1711 0.0375
1 0.3594 0.1202 0.1011 0.0698
1 0.7456 0.7104 0.2707 0.121
0 0.715 0.4374 0.1447 0.0858
1 0.3174 0.1105 0.0918 0.0618
1 0.3114 0.9508 0.2016 0.0982
1 0.1825 0.5338 0.1563 0.088
1 0.6497 0.1738 0.1055 0.0733
1 0.4262 0.1326 0.1033 0.0793
0 0.6634 0.471 0.1721 0.0867
