1 0.0919 0.4491 0.1827 0.0947
0 0.0618 0.7627 0.1237 0.1012
0 0.4941 0.1342 0.059 0.093
0 0.5793 0.1372 0.0679 0.097
0 0.8733 0.3763 0.1887 0.0983
0 0.42 0.1324 0.0685 0.0912
0 0.8429 0.2302 0.1675 0.1032
0 0.8678 0.4411 0.2288 0.1195
0 0.1764 0.203 0.1674 0.0544
0 0.6858 0.1257 0.0692 0.0952
0 0.0727 0.6158 0.1454 0.0877
0 0.8876 0.3177 0.2006 0.1106
0 0.8147 0.183 0.1296 0.0776
0 0.9677 0.7637 0.0587 0.1105
0 0.3363 0.1345 0.0662 0.0944
0 0.1369 0.2453 0.1791 0.069
0 0.0906 0.5194 0.1771 0.0973
0 0.9222 0.5172 0.1543 0.1146
0 0.9297 0.616 0.1401 0.1137
0 0.1192 0.3382 0.1879 0.0499
0 0.1053 0.3894 0.1971 0.0679
