1 0.3458 0.6087 0.3344 0.0798
0 0.8446 0.7458 0.3103 0.1709
1 0.3184 0.474 0.2542 0.0442
1 0.841 0.2318 0.0552 0.0558
0 0.554 0.4044 0.1735 0.0375
1 0.3366 0.5309 0.2974 0.0634
1 0.7495 0.2321 0.0578 0.0581
1 0.9441 0.2356 0.0399 0.0526
0 0.0866 0.4701 0.1733 0.0779
0 0.6397 0.4991 0.1832 0.0633
1 0.6658 0.2386 0.0708 0.0596
0 0.5016 0.3569 0.133 0.0244
0 0.7041 0.5754 0.2348 0.0931
0 0.4585 0.3091 0.1286 0.0409
0 0.4129 0.7409 0.3687 0.1027
1 0.7859 0.2314 0.044 0.0654
0 0.4009 0.9002 0.5456 0.1874
0 0.5745 0.4404 0.1774 0.0434
1 0.2889 0.3287 0.1604 0.0303
0 0.0922 0.4166 0.1844 0.0397
0 0.2874 0.3564 0.1401 0.0322
0 0.7093 0.2382 0.0717 0.0645
1 0.544 0.246 0.0603 0.0538
0 0.3069 0.3832 0.1778 0.0483
1 0.5843 0.2442 0.0409 0.0608
0 0.3008 0.4295 0.21 0.0456
