0 0.7173 0.0558 0.0883 0.027
0 0.1946 0.4237 0.1313 0.0514
1 0.8157 0.5456 0.1457 0.0406
0 0.7784 0.3487 0.1264 0.0422
0 0.766 0.3115 0.1049 0.0422
0 0.6803 0.8023 0.0791 0.1755
0 0.2231 0.3082 0.128 0.042
0 0.2316 0.1597 0.1104 0.0422
0 0.2064 0.3626 0.128 0.0529
0 0.7501 0.2113 0.1129 0.048
0 0.8042 0.4873 0.1532 0.0508
0 0.8469 0.612 0.1577 0.064
0 0.7431 0.1645 0.1148 0.0339
1 0.7589 0.2618 0.1289 0.0331
0 0.2288 0.2537 0.1272 0.0506
0 0.2374 0.1181 0.1012 0.0384
0 0.1891 0.6082 0.1386 0.0443
0 0.4136 0.8231 0.0628 0.1488
1 0.1967 0.6673 0.1371 0.0331
0 0.2049 0.5497 0.1621 0.056
0 0.7785 0.4097 0.146 0.0491
0 0.1952 0.4902 0.1448 0.0438
0 0.8501 0.6857 0.1706 0.0574
0 0.3148 0.8187 0.0625 0.1376
1 0.7352 0.1202 0.1162 0.0364
0 0.7266 0.0844 0.1021 0.0251
0 0.2326 0.2001 0.1185 0.0389
0 0.5342 0.8119 0.083 0.1522
