1 0.6505 0.8969 0.0705 0.1404
0 0.445 0.4849 0.1146 0.0361
1 0.4094 0.1227 0.0464 0.0573
1 0.0446 0.3629 0.0867 0.0431
0 0.5969 0.8387 0.1085 0.1333
1 0.5526 0.1373 0.03 0.0507
0 0.7683 0.8868 0.0631 0.1599
0 0.4211 0.5422 0.1343 0.0386
1 0.3323 0.2111 0.0338 0.0624
0 0.8826 0.5169 0.1055 0.0562
1 0.958 0.5948 0.0816 0.0749
1 0.5191 0.132 0.0305 0.0533
1 0.249 0.2022 0.0368 0.0641
0 0.4243 0.587 0.1351 0.0472
1 0.2936 0.2083 0.0391 0.0641
1 0.0486 0.3401 0.0943 0.0184
0 0.397 0.682 0.1364 0.0551
1 0.0643 0.2991 0.0945 0.0254
0 0.4008 0.725 0.1475 0.0558
0 0.4268 0.5069 0.1205 0.0393
1 0.1587 0.2005 0.0487 0.0424
0 0.8273 0.2519 0.0526 0.0705
1 0.9283 0.556 0.1129 0.0825
1 0.0531 0.3177 0.0937 0.0245
0 0.4448 0.4567 0.1146 0.0452
1 0.3863 0.2148 0.0402 0.0666
0 0.4105 0.6411 0.1364 0.0507
0 0.7685 0.2327 0.0528 0.0699
1 0.8457 0.9076 0.0858 0.1203
1 0.525 0.8132 0.1096 0.1099
