0 0.1799 0.6219 0.0657 0.0665
1 0.5526 0.7609 0.0756 0.0639
1 0.1666 0.8201 0.1772 0.1106
1 0.6181 0.7796 0.0726 0.067
1 0.3543 0.6961 0.0601 0.0444
1 0.5574 0.8608 0.1016 0.1205
0 0.0454 0.6487 0.0908 0.0478
0 0.7631 0.7555 0.0777 0.1649
0 0.0713 0.6075 0.0507 0.0306
0 0.3482 0.9238 0.1744 0.1521
0 0.4375 0.705 0.0677 0.0922
0 0.662 0.9054 0.109 0.1634
1 0.375 0.7066 0.0686 0.0531
0 0.0503 0.6619 0.0823 0.0526
1 0.3306 0.7674 0.1245 0.0785
1 0.4919 0.831 0.1046 0.1045
0 0.304 0.6705 0.0876 0.0757
0 0.7612 0.9215 0.0831 0.1431
0 0.2042 0.871 0.2231 0.159
0 0.5006 0.7286 0.0813 0.0809
1 0.4106 0.803 0.1159 0.0922
1 0.6751 0.7898 0.0615 0.0735
0 0.4645 0.9568 0.1489 0.0862
