0 0.2578 0.5734 0.2639 0.0927
0 0.477 0.8822 0.1446 0.1903
0 0.3427 0.2002 0.1529 0.0527
1 0.3733 0.1681 0.1267 0.039
0 0.8307 0.4652 0.2057 0.0531
1 0.8346 0.2235 0.1536 0.0462
1 0.1158 0.8522 0.1746 0.1948
1 0.6583 0.8976 0.1521 0.1866
0 0.2902 0.4856 0.2302 0.0829
0 0.8317 0.4037 0.1704 0.0489
0 0.8044 0.6177 0.2795 0.0843
1 0.3477 0.8582 0.1529 0.1978
0 0.5383 0.1572 0.0758 0.0867
0 0.621 0.1625 0.062 0.0811
0 0.3697 0.3652 0.2088 0.0712
0 0.782 0.8949 0.1281 0.2038
0 0.4119 0.3013 0.1897 0.0663
1 0.2158 0.6742 0.2158 0.0877
0 0.3161 0.4332 0.239 0.0854
0 0.2522 0.8387 0.1686 0.1799
0 0.8227 0.7153 0.267 0.0851
1 0.8279 0.5371 0.1919 0.0569
