0 0.4746 0.207 0.0728 0.1056
1 0.6749 0.1379 0.0731 0.0983
0 0.0562 0.6821 0.0989 0.1619
0 0.3162 0.7866 0.1454 0.1686
1 0.733 0.2484 0.0874 0.1247
1 0.8453 0.95 0.1334 0.0997
1 0.5002 0.8507 0.1551 0.1978
0 0.5268 0.1227 0.0866 0.0918
0 0.4811 0.5641 0.1169 0.1431
0 0.6652 0.2374 0.0828 0.1183
0 0.1334 0.7304 0.1244 0.1596
1 0.5756 0.1389 0.081 0.1006
0 0.7149 0.9193 0.1454 0.1566
0 0.048 0.4726 0.0959 0.1251
0 0.4413 0.1105 0.0907 0.1018
0 0.5895 0.2229 0.0696 0.1092
1 0.5686 0.1363 0.0834 0.098
0 0.81 0.1597 0.0833 0.1096
0 0.2065 0.5169 0.1656 0.1431
1 0.1135 0.9436 0.1506 0.1049
0 0.2252 0.7548 0.1446 0.1664
0 0.4095 0.8159 0.1431 0.1821
0 0.8227 0.2613 0.1019 0.1415
0 0.607 0.8942 0.1364 0.1874
0 0.7495 0.1455 0.0838 0.0935
1 0.9121 0.277 0.0933 0.1474
0 0.9483 0.1787 0.1029 0.1117
0 0.6771 0.6296 0.1311 0.1604
0 0.8011 0.6518 0.1409 0.1716
0 0.4013 0.542 0.1192 0.1514
