0 0.3459 0.2382 0.0694 0.0646
0 0.4013 0.623 0.2261 0.0938
0 0.4859 0.2479 0.048 0.0638
1 0.9064 0.26 0.1465 0.0673
0 0.89 0.5012 0.2198 0.0477
1 0.7755 0.2315 0.0709 0.0555
1 0.3233 0.1831 0.0422 0.0468
1 0.8251 0.6877 0.2968 0.0622
1 0.7078 0.9571 0.374 0.0839
1 0.8498 0.6394 0.2578 0.0659
1 0.9193 0.3488 0.1317 0.0287
1 0.814 0.2426 0.0768 0.0567
0 0.3067 0.2299 0.0689 0.0547
0 0.5328 0.2003 0.0643 0.0487
1 0.6651 0.3687 0.1545 0.0251
1 0.7554 0.8792 0.3207 0.1064
1 0.9282 0.2988 0.136 0.0413
0 0.5924 0.4292 0.184 0.0513
0 0.5816 0.2603 0.1004 0.056
1 0.7359 0.2236 0.0669 0.053
1 0.9119 0.3637 0.1571 0.051
1 0.4915 0.1945 0.0666 0.0515
1 0.6009 0.208 0.062 0.051
1 0.4343 0.1907 0.0675 0.0523
1 0.573 0.4632 0.1896 0.0534
0 0.6461 0.219 0.0694 0.0458
0 0.7955 0.7623 0.293 0.0929
0 0.6861 0.2196 0.0758 0.0519
1 0.5342 0.5137 0.1827 0.048
1 0.5054 0.5433 0.1877 0.057
0 0.3713 0.1842 0.0617 0.0469
0 0.9087 0.4026 0.1641 0.0603
0 0.3852 0.2424 0.0733 0.0637
0 0.6872 0.3444 0.1321 0.0306
0 0.4266 0.2481 0.0723 0.0681
1 0.464 0.5724 0.2047 0.0601
0 0.8956 0.4607 0.2064 0.03
1 0.642 0.3871 0.1893 0.0353
0 0.883 0.5478 0.2332 0.0751
1 0.6427 0.2767 0.1249 0.0585
0 0.4036 0.1872 0.0614 0.0504
1 0.6124 0.2697 0.1115 0.0503
1 0.9265 0.3225 0.1354 0.0516
1 0.9013 0.4313 0.1961 0.0406
