0 0.5864 0.1023 0.0469 0.1044
0 0.8582 0.1034 0.069 0.101
0 0.2631 0.2976 0.1801 0.0465
0 0.9412 0.7904 0.1154 0.1851
0 0.8754 0.4861 0.0796 0.0905
0 0.814 0.1014 0.0646 0.1063
0 0.2327 0.4022 0.2106 0.0532
0 0.8979 0.1002 0.0758 0.1001
1 0.3462 0.8095 0.0779 0.2263
1 0.6868 0.8192 0.1027 0.2503
0 0.1646 0.1233 0.07 0.101
0 0.2724 0.8219 0.0772 0.263
1 0.9696 0.0977 0.06 0.0901
0 0.7591 0.8162 0.1109 0.2548
0 0.2199 0.4378 0.2196 0.0764
0 0.2098 0.4865 0.2548 0.0674
0 0.172 0.829 0.1087 0.2473
0 0.5768 0.4799 0.1025 0.1041
0 0.0727 0.8365 0.1454 0.2473
0 0.2384 0.3518 0.1992 0.0642
0 0.3477 0.1113 0.0509 0.1152
0 0.3954 0.1018 0.0445 0.1007
0 0.9363 0.0966 0.0681 0.0948
1 0.4583 0.8073 0.0787 0.2398
1 0.7228 0.1056 0.0612 0.1066
0 0.5424 0.1065 0.0472 0.1109
0 0.531 0.8114 0.0847 0.2555
0 0.4733 0.1039 0.0469 0.1069
0 0.6778 0.1031 0.0587 0.1041
0 0.769 0.1042 0.0566 0.1162
0 0.8397 0.8035 0.1371 0.2278
0 0.7631 0.482 0.0996 0.0945
0 0.372 0.442 0.084 0.0813
0 0.2076 0.5637 0.2968 0.0794
0 0.242 0.3308 0.1804 0.0504
0 0.4749 0.4917 0.0921 0.0844
0 0.604 0.8166 0.0764 0.257
1 0.6322 0.107 0.0497 0.1125
0 0.2822 0.1164 0.0629 0.1186
