1 0.2966 0.1682 0.0821 0.0709
0 0.162 0.7041 0.1399 0.1559
1 0.3507 0.1504 0.0831 0.0738
0 0.4129 0.9444 0.219 0.108
1 0.8535 0.6333 0.1713 0.0992
0 0.0812 0.8206 0.1624 0.135
1 0.0353 0.2423 0.0596 0.0949
0 0.2331 0.6908 0.1194 0.1582
1 0.5485 0.5556 0.1483 0.0764
0 0.612 0.8138 0.1548 0.1472
1 0.8213 0.1186 0.0676 0.057
0 0.3747 0.6387 0.1426 0.1148
0 0.7528 0.4401 0.1463 0.0538
0 0.8276 0.407 0.1249 0.0546
1 0.7183 0.7405 0.1823 0.1269
1 0.7168 0.0933 0.0735 0.0466
1 0.9312 0.1452 0.074 0.0724
1 0.9527 0.5476 0.0945 0.0734
0 0.1418 0.7691 0.1719 0.1559
0 0.6792 0.0772 0.0704 0.0614
1 0.1027 0.2268 0.0757 0.0785
0 0.7856 0.6731 0.1691 0.1228
1 0.9663 0.1581 0.0672 0.066
0 0.5279 0.8735 0.1989 0.1456
1 0.5676 0.08 0.0664 0.046
1 0.9263 0.5885 0.1468 0.0875
1 0.6069 0.5263 0.1472 0.0703
1 0.8668 0.3838 0.1263 0.0477
1 0.4052 0.1268 0.073 0.0606
1 0.759 0.1034 0.0742 0.0554
1 0.1698 0.2056 0.0791 0.0721
0 0.2977 0.6739 0.127 0.1434
1 0.4693 0.1118 0.0739 0.0553
1 0.2397 0.1893 0.084 0.073
