0 0.764 0.9332 0.1476 0.1334
0 0.1087 0.6746 0.1769 0.1499
0 0.6741 0.8994 0.1716 0.1948
0 0.7239 0.3314 0.1244 0.1619
0 0.8937 0.9481 0.1132 0.1034
0 0.8213 0.3434 0.1409 0.1214
0 0.204 0.1506 0.086 0.1218
0 0.3567 0.7672 0.1829 0.2256
0 0.2406 0.705 0.2023 0.2136
1 0.8963 0.3685 0.1469 0.1251
0 0.2598 0.1639 0.1147 0.1249
0 0.3067 0.177 0.1398 0.1398
1 0.9424 0.3977 0.1132 0.1326
0 0.604 0.8717 0.1724 0.2128
1 0.3538 0.2064 0.1162 0.13
1 0.4211 0.2205 0.1208 0.1439
0 0.4568 0.7893 0.1791 0.2128
0 0.4889 0.2423 0.1213 0.1341
0 0.1263 0.9279 0.1596 0.1424
0 0.5321 0.8342 0.1948 0.1918
