0 0.2734 0.5852 0.0323 0.1065
1 0.6885 0.8336 0.1729 0.1762
0 0.4448 0.664 0.1459 0.1332
0 0.555 0.6862 0.1267 0.2106
0 0.1243 0.4024 0.0382 0.0484
0 0.2072 0.432 0.0462 0.0348
1 0.1221 0.6136 0.1843 0.0678
0 0.3021 0.457 0.0595 0.0882
0 0.4598 0.5199 0.1209 0.0964
0 0.3105 0.6056 0.0441 0.12
0 0.067 0.5486 0.1323 0.0422
0 0.1725 0.5016 0.0827 0.0496
1 0.1936 0.6668 0.16 0.0924
1 0.8911 0.7267 0.0834 0.1671
1 0.5869 0.7881 0.1894 0.1459
1 0.8275 0.9163 0.2159 0.1585
0 0.73 0.6162 0.1709 0.1514
1 0.2192 0.7072 0.2024 0.1207
0 0.179 0.41 0.0566 0.0447
0 0.3601 0.8458 0.2645 0.2271
0 0.0369 0.4913 0.0739 0.0267
0 0.2707 0.452 0.039 0.0695
0 0.2953 0.7702 0.2159 0.2076
1 0.1067 0.5895 0.1657 0.0397
0 0.0784 0.5631 0.1566 0.0351
0 0.6213 0.5978 0.1292 0.1611
