0 0.8683 0.6724 0.1653 0.0779
0 0.974 0.5001 0.0519 0.0439
0 0.9575 0.5412 0.0805 0.057
0 0.7891 0.541 0.0584 0.0384
0 0.9459 0.5764 0.108 0.057
0 0.716 0.6053 0.1149 0.0972
0 0.8725 0.7331 0.226 0.0974
0 0.5745 0.7167 0.1282 0.1151
0 0.5836 0.9343 0.2142 0.1296
0 0.3042 0.6177 0.1292 0.2019
0 0.1718 0.9298 0.1902 0.1401
0 0.2931 0.8919 0.1965 0.1739
0 0.4255 0.8091 0.1265 0.1416
0 0.9387 0.6098 0.1189 0.0622
0 0.9155 0.645 0.1526 0.0757
0 0.8 0.9058 0.339 0.1881
0 0.4523 0.5926 0.1292 0.0995
0 0.1872 0.6786 0.1932 0.1817
0 0.8341 0.7717 0.291 0.1851
0 0.6275 0.6722 0.1291 0.1113
0 0.5886 0.5024 0.0758 0.0877
0 0.7699 0.4194 0.0721 0.0828
0 0.7792 0.5617 0.0829 0.0409
0 0.3783 0.6177 0.0888 0.1316
0 0.4885 0.7704 0.1379 0.1225
0 0.5035 0.5214 0.1294 0.0923
