1 0.5995 0.2062 0.0691 0.0518
0 0.5067 0.2249 0.0656 0.0649
0 0.1602 0.5197 0.2243 0.0619
0 0.1327 0.3908 0.1894 0.0551
0 0.1004 0.3125 0.1595 0.0347
1 0.8794 0.6943 0.16 0.1396
0 0.1873 0.6645 0.2675 0.0794
1 0.1125 0.346 0.1594 0.0396
0 0.1897 0.5923 0.2532 0.0516
0 0.3915 0.2255 0.0518 0.0643
0 0.1411 0.4276 0.21 0.0421
0 0.1512 0.473 0.2072 0.0488
1 0.9518 0.3324 0.0961 0.0532
0 0.3925 0.7827 0.1592 0.1461
0 0.4459 0.2264 0.0522 0.0713
0 0.7003 0.7698 0.1791 0.1754
0 0.2733 0.2289 0.056 0.0602
0 0.2559 0.8084 0.1262 0.1447
0 0.9214 0.2983 0.1048 0.0706
0 0.5695 0.7923 0.1559 0.1784
