1 0.6155 0.3068 0.0305 0.0561
0 0.3584 0.4515 0.1272 0.0365
1 0.6986 0.3001 0.0225 0.0581
1 0.8502 0.2477 0.0291 0.0336
1 0.2917 0.5263 0.0935 0.0479
1 0.1704 0.6197 0.1228 0.0623
0 0.6455 0.3035 0.0217 0.0576
1 0.1557 0.8769 0.1041 0.1093
0 0.8983 0.3138 0.0431 0.0643
1 0.7835 0.874 0.0963 0.1437
0 0.8504 0.8846 0.1211 0.1501
1 0.721 0.8609 0.1079 0.1324
0 0.4256 0.3934 0.1049 0.0357
0 0.4543 0.377 0.1067 0.0392
1 0.137 0.6407 0.1324 0.068
0 0.8651 0.3117 0.0331 0.0545
0 0.0512 0.5045 0.0903 0.0806
1 0.0614 0.8303 0.0949 0.0823
0 0.6049 0.8047 0.1034 0.1163
0 0.4635 0.3668 0.0954 0.0365
0 0.4712 0.3535 0.0931 0.035
1 0.2187 0.5781 0.1023 0.0562
1 0.2605 0.5432 0.1141 0.052
0 0.3092 0.9178 0.1172 0.0784
0 0.3273 0.478 0.1169 0.0662
1 0.1075 0.851 0.1149 0.0958
0 0.9265 0.3168 0.048 0.0579
0 0.8365 0.3107 0.0276 0.0628
0 0.8029 0.3082 0.0338 0.0573
1 0.7256 0.2997 0.03 0.0573
1 0.1951 0.5943 0.1141 0.0594
0 0.6518 0.8334 0.1034 0.116
0 0.0915 0.4737 0.0946 0.0516
1 0.8755 0.2517 0.0247 0.0425
1 0.6713 0.2996 0.0269 0.0581
