1 0.7624 0.7669 0.319 0.0637
1 0.8259 0.7348 0.2763 0.0462
0 0.2811 0.7867 0.275 0.0994
1 0.8605 0.7074 0.2399 0.0474
0 0.1727 0.6961 0.193 0.0828
0 0.2866 0.6923 0.1564 0.0704
0 0.6098 0.5991 0.1021 0.058
0 0.6795 0.6795 0.1129 0.0327
0 0.3806 0.7603 0.228 0.0866
0 0.9244 0.6441 0.1508 0.0761
0 0.5976 0.8587 0.3888 0.1216
1 0.429 0.6443 0.1688 0.06
0 0.6977 0.8016 0.3253 0.0928
0 0.7226 0.5849 0.0781 0.0542
0 0.0814 0.7166 0.1628 0.1004
0 0.1422 0.8431 0.2817 0.1073
0 0.469 0.9262 0.4705 0.1474
