1 0.236 0.5261 0.1869 0.0828
1 0.3459 0.2355 0.1151 0.0522
1 0.3251 0.2598 0.1122 0.0512
0 0.298 0.4409 0.1282 0.0549
1 0.6788 0.1871 0.064 0.0701
1 0.8071 0.1841 0.0573 0.0635
1 0.8725 0.1861 0.0587 0.0821
0 0.3067 0.3165 0.1243 0.0634
1 0.743 0.1883 0.0628 0.0686
0 0.2097 0.6322 0.2139 0.1045
1 0.1503 0.7653 0.2495 0.1077
1 0.151 0.8653 0.2585 0.1551
0 0.2234 0.5753 0.1916 0.0995
0 0.1853 0.6916 0.2307 0.1237
1 0.9565 0.1986 0.0766 0.0843
0 0.2905 0.3914 0.1458 0.0715
0 0.2647 0.4848 0.1776 0.0786
