0 0.1651 0.8282 0.0688 0.1794
0 0.8152 0.8381 0.0894 0.1889
0 0.3571 0.6435 0.082 0.1704
1 0.2674 0.8342 0.0824 0.1779
1 0.6391 0.8367 0.0799 0.1784
1 0.5178 0.1039 0.0674 0.1926
1 0.2754 0.1021 0.0607 0.1903
0 0.1773 0.6451 0.091 0.1591
0 0.4339 0.1189 0.0824 0.1821
1 0.1874 0.1144 0.0824 0.2046
0 0.7224 0.8409 0.0918 0.1882
1 0.6329 0.1006 0.0562 0.2008
1 0.4393 0.8342 0.0666 0.1802
1 0.3503 0.1133 0.0727 0.1933
0 0.2793 0.6454 0.076 0.1629
0 0.4333 0.6481 0.0726 0.1599
0 0.9693 0.6529 0.0597 0.1531
1 0.3511 0.8339 0.073 0.1832
0 0.7876 0.6453 0.0991 0.1431
0 0.7184 0.6307 0.0838 0.2056
0 0.879 0.641 0.1067 0.1804
0 0.5376 0.6402 0.0845 0.191
0 0.5386 0.8302 0.0838 0.1711
0 0.6304 0.6347 0.0824 0.2025
