1 0.6504 0.8927 0.21 0.0691
1 0.4733 0.3254 0.0579 0.0844
0 0.7891 0.4433 0.1401 0.0341
0 0.5319 0.3279 0.0678 0.1008
0 0.592 0.33 0.064 0.1012
0 0.721 0.6724 0.1711 0.0641
0 0.1688 0.3611 0.1103 0.1014
0 0.5875 0.5098 0.1431 0.0424
0 0.7262 0.6123 0.1645 0.0528
0 0.7434 0.5573 0.1626 0.0446
0 0.8413 0.3379 0.0543 0.0951
0 0.9381 0.7691 0.1236 0.0534
0 0.6316 0.4328 0.1512 0.0397
0 0.3697 0.3076 0.064 0.0812
0 0.6041 0.4736 0.1374 0.0353
0 0.6535 0.3313 0.0766 0.1027
0 0.675 0.8269 0.196 0.0521
0 0.5528 0.5533 0.1438 0.0377
0 0.3931 0.8606 0.1873 0.0732
0 0.3051 0.3012 0.0532 0.0786
0 0.256 0.3036 0.0493 0.0811
0 0.3758 0.3896 0.077 0.1048
0 0.7678 0.4889 0.14 0.0351
0 0.4617 0.7163 0.2046 0.0505
0 0.9405 0.7065 0.1181 0.0565
0 0.4252 0.3043 0.0606 0.0853
0 0.6367 0.4049 0.1339 0.0323
0 0.7819 0.3379 0.0648 0.0852
0 0.6916 0.748 0.1624 0.0536
0 0.4481 0.781 0.1742 0.06
0 0.5329 0.6041 0.1566 0.0502
0 0.7998 0.4121 0.1348 0.0451
0 0.4975 0.6637 0.1644 0.0502
0 0.3121 0.3916 0.0802 0.0981
0 0.7467 0.5224 0.1483 0.0437
0 0.2515 0.3821 0.0788 0.0917
