0 0.4341 0.6209 0.1557 0.1261
1 0.8031 0.1456 0.0818 0.1435
0 0.394 0.3174 0.1196 0.1476
1 0.1841 0.5283 0.1619 0.1065
0 0.3579 0.7564 0.2099 0.1036
0 0.2777 0.1709 0.1037 0.1498
1 0.6654 0.1914 0.0947 0.1391
0 0.603 0.0566 0.1137 0.1123
1 0.7265 0.1692 0.0994 0.1372
0 0.312 0.3679 0.1247 0.141
0 0.898 0.1107 0.0881 0.1523
0 0.2209 0.1949 0.1325 0.1557
1 0.0353 0.4602 0.0699 0.0739
1 0.062 0.3849 0.1225 0.1306
0 0.68 0.4165 0.1122 0.1454
0 0.5979 0.4582 0.1133 0.1734
0 0.1096 0.296 0.1314 0.1233
1 0.0862 0.7006 0.1534 0.1237
0 0.4792 0.2655 0.0982 0.1487
0 0.4955 0.5869 0.1401 0.1594
0 0.142 0.5867 0.1856 0.1398
0 0.2596 0.4334 0.1568 0.1364
