1 0.4402 0.76 0.0644 0.1274
1 0.6596 0.63 0.0512 0.0841
1 0.7139 0.884 0.1437 0.1717
1 0.6179 0.6083 0.0656 0.0922
1 0.5736 0.6188 0.0502 0.0952
1 0.4066 0.603 0.061 0.1222
1 0.6851 0.7342 0.0845 0.0997
1 0.6863 0.6197 0.057 0.0728
1 0.3282 0.6199 0.0362 0.1244
1 0.1682 0.6918 0.0786 0.0674
1 0.5905 0.9173 0.119 0.1651
1 0.2781 0.829 0.1084 0.1664
1 0.3642 0.6008 0.0591 0.1147
1 0.3883 0.7484 0.092 0.1132
1 0.3779 0.8938 0.1223 0.1506
1 0.5586 0.772 0.0777 0.1289
1 0.4547 0.9165 0.1247 0.1666
1 0.7823 0.7931 0.1048 0.1651
1 0.6377 0.7597 0.0712 0.1266
1 0.332 0.7241 0.0759 0.1049
1 0.2244 0.7675 0.1037 0.1304
0 0.1417 0.6514 0.0653 0.06
