1 0.2135 0.6527 0.0958 0.0405
1 0.8553 0.1655 0.0562 0.0882
1 0.2157 0.5299 0.0986 0.0409
0 0.2367 0.2841 0.0889 0.0304
1 0.1856 0.928 0.1123 0.0562
1 0.3865 0.1633 0.0379 0.089
1 0.2213 0.4938 0.097 0.0396
1 0.4468 0.1632 0.0425 0.0847
1 0.3451 0.1616 0.0323 0.0776
1 0.2359 0.3134 0.0899 0.0351
1 0.4849 0.1658 0.0409 0.0841
1 0.1959 0.8005 0.1064 0.0444
0 0.9535 0.1645 0.0528 0.0921
1 0.8083 0.171 0.0553 0.0916
1 0.2345 0.3605 0.0912 0.0443
1 0.5275 0.1635 0.0391 0.0765
1 0.2015 0.7509 0.1041 0.053
1 0.1912 0.8662 0.1126 0.052
1 0.231 0.4289 0.0889 0.038
1 0.2093 0.7105 0.0991 0.0472
1 0.8975 0.165 0.0543 0.0931
1 0.3078 0.1638 0.0367 0.0789
1 0.2172 0.5988 0.0899 0.0414
