0 0.3831 0.9078 0.3546 0.1361
1 0.2934 0.3547 0.1176 0.029
0 0.4707 0.3763 0.1446 0.0305
0 0.44 0.5063 0.1686 0.0652
1 0.1416 0.6073 0.2272 0.0836
1 0.4493 0.2868 0.0438 0.069
0 0.2525 0.4232 0.1392 0.0558
0 0.1667 0.5737 0.2221 0.0899
0 0.4302 0.7881 0.2122 0.0607
1 0.4929 0.2854 0.0418 0.0702
0 0.4278 0.5734 0.1828 0.0481
0 0.4624 0.4244 0.1525 0.0394
0 0.2703 0.4 0.1321 0.0433
0 0.6551 0.2909 0.0357 0.0769
0 0.2312 0.4464 0.1405 0.0464
1 0.2896 0.3714 0.1104 0.0277
1 0.3057 0.3395 0.1075 0.0321
0 0.3886 0.8064 0.2836 0.1282
1 0.1063 0.7185 0.2126 0.1049
0 0.5569 0.2938 0.0456 0.0735
0 0.4302 0.6534 0.2477 0.0872
1 0.3118 0.3275 0.0928 0.024
1 0.113 0.6538 0.226 0.0781
0 0.438 0.5462 0.1826 0.0537
0 0.4799 0.3478 0.1396 0.0418
1 0.6182 0.2978 0.0355 0.0706
0 0.399 0.7199 0.2785 0.0836
1 0.4017 0.2868 0.0505 0.0659
