1 0.0489 0.5268 0.0372 0.0192
1 0.2986 0.5585 0.0623 0.0402
1 0.0831 0.569 0.115 0.0482
1 0.2023 0.7178 0.2433 0.0684
0 0.2961 0.8282 0.2603 0.1409
0 0.6621 0.8721 0.1932 0.1222
1 0.5217 0.7737 0.1545 0.0938
1 0.4111 0.6979 0.1486 0.0857
0 0.6378 0.6742 0.1176 0.1162
0 0.551 0.6581 0.0801 0.0989
0 0.4493 0.962 0.1872 0.0742
0 0.3309 0.8927 0.3239 0.1529
0 0.4724 0.7361 0.1382 0.0629
1 0.2743 0.6236 0.0776 0.0325
0 0.597 0.817 0.1662 0.0899
1 0.1372 0.6417 0.2039 0.0788
1 0.2259 0.5795 0.0713 0.0832
1 0.4222 0.6066 0.0871 0.0684
1 0.0959 0.6048 0.1255 0.0386
