1 0.5313 0.86 0.5635 0.2777
1 0.8203 0.5157 0.1659 0.1259
1 0.4554 0.3997 0.0771 0.0573
1 0.141 0.4466 0.218 0.0526
1 0.379 0.7189 0.4479 0.1783
1 0.6342 0.5932 0.1277 0.1159
1 0.0647 0.332 0.1289 0.0474
1 0.3271 0.6461 0.4 0.1431
1 0.6916 0.6297 0.147 0.1216
1 0.2581 0.5726 0.3021 0.0757
1 0.1647 0.4738 0.2294 0.0557
1 0.5294 0.4206 0.1279 0.0734
1 0.5019 0.5257 0.1296 0.0653
1 0.2387 0.5408 0.2801 0.0727
1 0.0766 0.361 0.1531 0.0384
1 0.1137 0.4145 0.2117 0.0422
1 0.5563 0.5537 0.1185 0.0705
1 0.0879 0.3871 0.1758 0.0353
1 0.6984 0.497 0.1129 0.1004
1 0.1953 0.5 0.2412 0.0681
1 0.7823 0.6842 0.2364 0.1473
