0 0.0995 0.2669 0.1692 0.07
0 0.18 0.1245 0.1565 0.0506
0 0.8429 0.8676 0.2661 0.1391
0 0.1372 0.1838 0.1747 0.0544
0 0.0822 0.3167 0.1624 0.0716
1 0.862 0.6317 0.2342 0.103
0 0.0655 0.3982 0.1303 0.0538
0 0.3177 0.3621 0.1109 0.1079
0 0.8348 0.1476 0.1673 0.0554
0 0.2451 0.7012 0.1439 0.1446
0 0.4129 0.678 0.1424 0.1356
0 0.3417 0.2452 0.1019 0.0959
1 0.8148 0.0957 0.1479 0.0558
0 0.8372 0.1857 0.1743 0.0558
0 0.2241 0.5333 0.1364 0.1356
0 0.8752 0.37 0.2323 0.0807
0 0.8794 0.5715 0.2297 0.0855
0 0.8367 0.2374 0.1554 0.052
0 0.7899 0.4769 0.0268 0.0019
0 0.5838 0.207 0.0929 0.0764
1 0.8731 0.757 0.2527 0.1015
0 0.7991 0.0747 0.136 0.0457
0 0.1544 0.1486 0.1656 0.0502
0 0.8712 0.3167 0.2111 0.0758
0 0.1188 0.2183 0.176 0.0638
0 0.8854 0.4366 0.2215 0.0528
0 0.8999 0.5031 0.1858 0.0543
