1 0.6934 0.2113 0.0517 0.1142
1 0.9636 0.2225 0.0643 0.1043
1 0.0759 0.5529 0.1439 0.0444
1 0.7885 0.9388 0.0792 0.1218
1 0.332 0.199 0.0492 0.1061
1 0.0608 0.7483 0.1207 0.0562
1 0.4015 0.9308 0.0705 0.1311
0 0.8002 0.2189 0.0684 0.1142
1 0.5348 0.9316 0.0748 0.1295
1 0.6065 0.9397 0.0503 0.12
1 0.5478 0.2108 0.0474 0.0981
0 0.8827 0.2196 0.0679 0.1165
1 0.331 0.933 0.0716 0.1268
1 0.098 0.3852 0.138 0.0405
1 0.0821 0.4981 0.1447 0.0507
0 0.4462 0.2078 0.0601 0.1135
0 0.1042 0.1984 0.0629 0.0877
1 0.1086 0.3032 0.1286 0.0456
1 0.0763 0.5979 0.1486 0.0527
1 0.0635 0.6899 0.127 0.0519
0 0.2245 0.2052 0.0521 0.0975
1 0.0854 0.4582 0.1475 0.0425
0 0.3768 0.2059 0.0479 0.1173
1 0.1084 0.2649 0.125 0.0484
1 0.6401 0.2142 0.0522 0.1156
1 0.1041 0.3412 0.1282 0.0499
1 0.0941 0.4248 0.1537 0.0409
1 0.5868 0.2165 0.0535 0.1147
