0 0.0746 0.6618 0.1347 0.1111
1 0.5882 0.1142 0.0339 0.0311
1 0.7614 0.0657 0.0147 0.0278
0 0.8914 0.9073 0.2121 0.1386
1 0.6019 0.3864 0.133 0.0665
1 0.5861 0.1782 0.072 0.0383
0 0.616 0.195 0.0819 0.0446
0 0.3405 0.8649 0.2791 0.0845
0 0.1411 0.7272 0.194 0.1473
1 0.3919 0.9515 0.3088 0.0967
0 0.3368 0.7965 0.226 0.0994
0 0.1688 0.2728 0.0921 0.0415
1 0.9543 0.399 0.0903 0.0496
0 0.2171 0.7718 0.195 0.1946
0 0.6084 0.2842 0.1179 0.0536
1 0.8137 0.0637 0.0139 0.0215
0 0.1204 0.2947 0.1052 0.0415
1 0.7467 0.0655 0.0162 0.0263
0 0.8778 0.2458 0.0663 0.0543
0 0.6446 0.4634 0.1806 0.0838
1 0.7779 0.0653 0.0183 0.024
1 0.6136 0.4195 0.1457 0.0657
0 0.939 0.3608 0.1216 0.0593
0 0.5895 0.2607 0.1234 0.0471
1 0.7911 0.0649 0.0248 0.0227
1 0.805 0.0643 0.0192 0.0233
1 0.3566 0.1808 0.087 0.0266
1 0.5013 0.1183 0.0308 0.0326
1 0.8266 0.0614 0.021 0.0276
1 0.8742 0.8136 0.2496 0.1207
1 0.8075 0.7091 0.2256 0.1229
0 0.7842 0.6499 0.2301 0.1304
0 0.2981 0.2141 0.0923 0.0409
1 0.6136 0.1137 0.0362 0.0352
0 0.9086 0.2569 0.0712 0.0532
1 0.8402 0.0642 0.0162 0.0221
1 0.5334 0.118 0.0328 0.0391
1 0.57 0.1154 0.0319 0.033
